0.9779514889691816
0.958980281880908
0.9440232657788279
0.9376937526445172
0.9318789836858448
0.9273212392052936
0.9223204029768775
0.9193991914043831
0.9175501300160319
0.9171771924279551
0.9168036674899837
0.9156817863040118
0.9153061481435965
0.9145540561716807
0.9141768051214193
0.913043880509549
0.9126643117708094
0.9122841428292789
0.9115227458140074
0.9107594460656415
0.9103765114376701
0.9099929838990799
0.9080760915604918
0.9069164966814468
0.9065280272350815
0.906138969136319
0.9057492879856738
0.9045789622697978
0.9041873306453667
0.9037954573806795
0.902618752834657
0.9010431960726365
0.8998564182147607
0.8986645529531246
0.8982654226746455
0.8974662192948604
0.8962655026132854
0.8950606074673556
0.8942542093977972
0.8934457168267945
0.89263546910467
0.891825550167739
0.8906084049370225
0.8881719402873626
0.8869477926613459
0.8857199641236972
0.8848999355241262
0.8840787966715635
0.8836679969199599
0.8824364810164883
0.882025015691854
0.8807904726468778
0.8799650794916256
0.8791392497119462
0.8787265142027392
0.8579020607548281
0.8508433605791899
0.842038493407722
0.8369467386980173
0.8335300714030429
0.8296707784374661
0.8270873871378595
0.8249316622630956
0.8236317946546536
0.8218995400843301
0.8210311918268063
0.8201619474400138
0.819291134203947
0.817549257632011
0.8149281616205063
0.8136142970186397
0.811861564611908
0.8109811354720584
0.8096599352755889
0.8092189282793042
0.8078968497748521
0.8056958587154678
0.8052545527509352
0.8034891975102817
0.8021640600435204
0.8008347276964661
0.8003909398585911
0.7656415507024625
0.754458287642423
0.7467791828461
0.7426794570877522
0.7394821039730864
0.7353697825767582
0.7326169670065934
0.7307732358737061
0.7303116471933091
0.7289266811074462
0.7261579190019037
0.7229291977582103
0.7220060254436312
0.720620539641569
0.71969729189523
0.7192355843640882
0.7183127081716805
0.717851376730368
0.7160077278932631
0.7150852456850655
0.7146238226734043
0.7141625856572693
0.712780285494821
0.7118583839781447
0.7113975759907264
0.7095567442428506
0.7086356961946627
0.7067959876764314
0.7063361301825755
0.7044990665973148
0.7031216407778449
0.7022034681436481
0.7003679486757453
0.6994507471555856
0.6985330387034582
0.6980744171011388
0.697157595417771
0.6966993273373536
0.695782613334919
0.6953239693027213
0.6944071121954661
0.693032867747813
0.6139590709884616
0.5814893558067594
0.5623548019428952
0.5478875848497654
0.5403373332231216
0.5326453259413114
0.5284273402034473
0.5241400029569914
0.5191950073524552
0.5148249984052278
0.5097941493663337
0.5078856520059619
0.5040623653964343
0.5021375681108139
0.5002048513968006
0.49890906465695295
0.4982608117145617
0.4963145780772939
0.49306810316267513
0.491101100870852
0.4897843640075637
0.4891239066248854
0.48780104368863275
0.48514806528673
0.48248567762858474
0.4818140882931844
0.48046878845233254
0.47979235961367905
0.4770878662704397
0.4764059996312207
0.47300651564587004
0.4716363592730322
0.4695782473738728
0.46614707788382476
0.4654541720069303
0.4633727782354827
0.46267786915780035
0.4605967160938845
0.4585051189947327
0.4564090277547424
0.45431204158895533
0.4529105221518866
0.4515020038251015
0.4500904704859355
0.44726737815461287
0.4451475000252125
0.4437248538341529
0.44016396749947273
0.4351454666993779
0.4322674617644482
0.42938444839828477
0.4264878827636344
0.42430241119429024
0.4221145441724046
0.420652745416865
0.4148247589518559
0.41188177350562266
0.4089407759857649
0.4059789248048672
0.4015492953127474
0.40080721666127134
0.39638055910140724
0.39414330051287033
0.3896771585313014
0.3874270760434959
0.3829405162266869
0.38069392634748195
0.3784552992221215
0.3769630441395602
0.3754745200079853
0.3732495448338773
0.37176479504423293
0.370281787028448
0.36879542657383235
0.368047155914666
0.3672986607802545
0.3215582815863387
0.3028466231247117
0.29269138043846965
0.28606314602779925
0.2795343436214438
0.2737285923208684
0.27053267903779166
0.26671087401921195
0.261054147500442
0.2591812094274785
0.2573168640421562
0.252398817214981
0.2493427011146178
0.24510927608539534
0.2439047785946596
0.2421025904054357
0.24030789953316398
0.23793047831560452
0.23556922580450748
0.23264295487726916
0.23147935651551846
0.22916530351611208
0.2251563436030644
0.22287877301351133
0.2217428322755747
0.22061115730342523
0.22004498015595028
0.17999856719462665
0.16351053895305673
0.15316750699752454
0.14746587293564797
0.14315040160498363
0.13764225424773904
0.13512311718098086
0.13262560932237213
0.12973886096135478
0.12568358238003752
0.12406979250983999
0.12127905912820093
0.11969128486366079
0.11929620572589433
0.11811540333910518
0.11577908153037061
0.11385164945169336
0.11270133602105757
0.11193678348139072
0.11079537848370694
0.1092844929234039
0.1089072347166509
0.10815427612500605
0.10777870928702304
0.10740376181027557
0.10702915599627412
0.10628270436259274
0.10553873122959022
0.10406177195053076
0.10259785891359502
0.10186951566735106
0.1007831751499226
0.10006285881170884
0.09970386753737691
0.09934557062602338
0.09756943315166845
0.09581474179897932
0.095464549980874
0.09476766473052911
0.09407412454210644
0.0930411550001418
0.09269696071464453
0.09201135267233063
0.0903117111057297
0.05593548158938176
0.044434462445393785
0.03733228304184014
0.031073115650811257
0.026819384660477754
0.022913935119132502
0.01994204686527942
0.01786242804204205
0.01610900929378119
0.015521817039675825
0.01494530093023648
0.013563752150383069
0.013023094442060606
0.012756087675730622
0.01148788515062145
0.010754852097718483
0.00960032407144415
0.009146977908923807
0.008287782834251654
0.00786356271453881
0.006506518408924116
0.0061267333935196506
0.0055828547350021554
0.005233320663979219
0.004430095219486948
0.003218872276550768
0.002967591058007938
0.0025129504468021178
0.00230281174632258
0.0021031357933712987
0.0019158301846912914
0.001736998618586647
0.0015713235989620318
0.0013422521679831783
0.0011341148986213482
0.000943250694403968
0.0006803658479920668
0.0005856536874760366
0.0005419733929983164
0.0004270422605659474
0.0003287403269791183
0.0002973096098791015
0.00024165536827715122
0.00021626490103088223
0.0001930360211434167
0.00013551457756842775
0.00010471716669741695
9.142395168048035e-05
7.94643256547414e-05
5.947322581924442e-05
3.170602287991744e-05
1.4816524740505232e-05
3.4939487502028997e-06
8.340717750949616e-07
4.001230968372616e-07
5.831580573015345e-08
6.399387384165652e-09
