94.0
95.0
95.0
96.0
96.0
97.0
97.0
98.0
98.0
99.0
99.0
100.0
100.0
101.0
101.0
102.0
102.0
103.0
103.0
104.0
104.0
105.0
105.0
107.0
107.0
108.0
108.0
111.0
111.0
116.0
116.0
117.0
117.0
118.0
118.0
121.0
121.0
122.0
122.0
123.0
123.0
124.0
124.0
125.0
125.0
126.0
126.0
127.0
127.0
128.0
128.0
130.0
130.0
131.0
131.0
132.0
132.0
134.0
134.0
136.0
136.0
137.0
137.0
138.0
138.0
140.0
140.0
141.0
141.0
142.0
142.0
143.0
143.0
144.0
144.0
148.0
148.0
149.0
149.0
150.0
150.0
151.0
151.0
154.0
154.0
155.0
155.0
156.0
156.0
157.0
157.0
158.0
158.0
159.0
159.0
162.0
162.0
163.0
163.0
164.0
164.0
165.0
165.0
166.0
166.0
167.0
167.0
168.0
168.0
194.0
194.0
195.0
195.0
196.0
196.0
197.0
197.0
198.0
198.0
199.0
199.0
200.0
200.0
201.0
201.0
202.0
202.0
203.0
203.0
204.0
204.0
205.0
205.0
206.0
206.0
207.0
207.0
208.0
208.0
209.0
209.0
210.0
210.0
211.0
211.0
212.0
212.0
213.0
213.0
214.0
214.0
215.0
215.0
216.0
216.0
219.0
219.0
220.0
220.0
223.0
223.0
224.0
224.0
264.0
264.0
265.0
265.0
266.0
266.0
267.0
267.0
268.0
268.0
269.0
269.0
270.0
270.0
271.0
271.0
272.0
272.0
273.0
273.0
274.0
274.0
275.0
275.0
276.0
276.0
277.0
277.0
279.0
279.0
280.0
280.0
281.0
281.0
282.0
282.0
283.0
283.0
284.0
284.0
285.0
285.0
286.0
286.0
287.0
287.0
288.0
288.0
289.0
289.0
291.0
291.0
292.0
292.0
293.0
293.0
294.0
294.0
295.0
295.0
296.0
296.0
298.0
298.0
299.0
299.0
300.0
300.0
301.0
301.0
302.0
302.0
303.0
303.0
304.0
304.0
305.0
305.0
308.0
308.0
309.0
309.0
310.0
310.0
459.0
459.0
460.0
460.0
461.0
461.0
462.0
462.0
463.0
463.0
464.0
464.0
465.0
465.0
466.0
466.0
467.0
467.0
468.0
468.0
469.0
469.0
470.0
470.0
471.0
471.0
472.0
472.0
473.0
473.0
474.0
474.0
475.0
475.0
476.0
476.0
477.0
477.0
478.0
478.0
479.0
479.0
480.0
480.0
481.0
481.0
482.0
482.0
483.0
483.0
484.0
484.0
485.0
485.0
486.0
486.0
487.0
487.0
488.0
488.0
489.0
489.0
490.0
490.0
491.0
491.0
492.0
492.0
493.0
493.0
494.0
494.0
495.0
495.0
496.0
496.0
497.0
497.0
498.0
498.0
499.0
499.0
500.0
500.0
501.0
501.0
502.0
502.0
503.0
503.0
504.0
504.0
505.0
505.0
506.0
506.0
507.0
507.0
508.0
508.0
509.0
509.0
510.0
510.0
511.0
511.0
512.0
512.0
513.0
513.0
514.0
514.0
515.0
515.0
516.0
516.0
517.0
517.0
518.0
518.0
519.0
519.0
520.0
520.0
521.0
521.0
522.0
522.0
523.0
523.0
524.0
524.0
525.0
525.0
526.0
526.0
527.0
527.0
528.0
528.0
529.0
529.0
530.0
530.0
531.0
531.0
532.0
532.0
533.0
533.0
534.0
534.0
559.0
559.0
560.0
560.0
561.0
561.0
562.0
562.0
563.0
563.0
564.0
564.0
565.0
565.0
566.0
566.0
567.0
567.0
568.0
568.0
569.0
569.0
570.0
570.0
571.0
571.0
572.0
572.0
573.0
573.0
574.0
574.0
575.0
575.0
576.0
576.0
577.0
577.0
579.0
579.0
580.0
580.0
581.0
581.0
582.0
582.0
583.0
583.0
584.0
584.0
588.0
588.0
590.0
590.0
629.0
629.0
630.0
630.0
631.0
631.0
632.0
632.0
633.0
633.0
634.0
634.0
635.0
635.0
636.0
636.0
637.0
637.0
638.0
638.0
639.0
639.0
640.0
640.0
641.0
641.0
642.0
642.0
643.0
643.0
644.0
644.0
645.0
645.0
646.0
646.0
647.0
647.0
648.0
648.0
649.0
649.0
650.0
650.0
651.0
651.0
652.0
652.0
653.0
653.0
655.0
655.0
656.0
656.0
657.0
657.0
658.0
658.0
659.0
659.0
660.0
660.0
661.0
661.0
662.0
662.0
663.0
663.0
664.0
664.0
665.0
665.0
666.0
666.0
667.0
667.0
669.0
669.0
670.0
670.0
671.0
671.0
672.0
672.0
673.0
673.0
674.0
674.0
824.0
824.0
825.0
825.0
826.0
826.0
827.0
827.0
828.0
828.0
829.0
829.0
830.0
830.0
831.0
831.0
832.0
832.0
833.0
833.0
834.0
834.0
835.0
835.0
836.0
836.0
837.0
837.0
839.0
839.0
840.0
840.0
841.0
841.0
842.0
842.0
843.0
843.0
844.0
844.0
846.0
846.0
847.0
847.0
848.0
848.0
849.0
849.0
850.0
850.0
851.0
851.0
852.0
852.0
853.0
853.0
854.0
854.0
856.0
856.0
857.0
857.0
858.0
858.0
859.0
859.0
860.0
860.0
861.0
861.0
862.0
862.0
863.0
863.0
864.0
864.0
865.0
865.0
866.0
866.0
867.0
867.0
868.0
868.0
869.0
869.0
870.0
870.0
872.0
872.0
876.0
876.0
877.0
877.0
878.0
878.0
879.0
879.0
880.0
880.0
881.0
881.0
882.0
882.0
883.0
883.0
884.0
884.0
885.0
885.0
886.0
886.0
887.0
